2420186 6 1 193309 50145
2420374 9 8 201107 90913
2420375 15 17 500497 76394
2420388 20 9 469133 28273
2420400 12 15 9691 66912
2423473 18 20 260046 14590
2424338 9 10 458581 32054
2424521 5 12 83433 18335
2425188 4 10 434718 36177
2426677 9 19 198628 18722
2427441 4 20 246000 33869
2427901 14 13 151477 23733
2427956 11 6 508486 60745
2428364 8 5 448423 84604
2428982 11 6 157122 61381
2430312 7 3 315035 72700
2432180 13 6 471911 5344
2432218 7 16 406542 40676
2432524 9 17 273481 20451
2433185 17 13 505706 19189
2433550 16 6 82741 75148
2437948 17 9 207121 30013
2441825 20 18 182775 44696
2441882 4 16 450771 4421
2441903 12 5 323198 54333
2442209 11 16 152057 45141
2442964 14 16 493903 92288
2443775 17 8 172761 68551
2444319 17 2 12742 14692
2447995 11 13 63311 50177
2448047 2 4 502787 47925
2448484 7 12 568870 86710
2449445 1 18 239466 42385
2449697 20 19 164852 34088
2450264 6 15 392980 56853
2451547 8 7 466569 29110
2451715 18 9 191557 42649
2452052 7 3 587503 74386
2452107 15 8 171607 12753
2453318 9 18 88964 79548
2454640 5 2 100788 81798
2455363 5 2 235628 56043
2455674 1 9 232416 36083
2455710 4 11 360161 68248
2455757 3 2 125484 30191
2455768 15 6 59210 10347
2455790 8 7 319290 42700
2455888 19 11 521957 87048
2456708 5 15 163111 5174
2457159 17 13 19028 9264
2458668 5 12 530258 38563
2460429 13 2 77186 18340
2465713 20 19 414080 12317
2469212 6 16 110007 40978
2469277 4 16 354965 96988
2469485 20 18 108019 54732
2469557 1 9 220386 63993
2469562 17 15 99363 4579
2470237 15 9 537299 67193
2470372 19 13 25681 32850
2471304 19 14 422461 54996
2472198 18 12 466928 73226
2472358 5 15 144989 79499
2475177 13 4 102623 87356
2475798 19 10 30101 35941
2476065 5 11 179686 32809
2476066 7 4 138287 72427
2477858 14 16 108222 92613
2479654 4 14 518024 64470
2480297 3 16 304359 24253
2482034 2 9 112289 9881
2483487 12 2 581708 79661
2485046 7 13 267006 17707
2485106 7 14 123125 63338
2486289 16 4 250417 88987
2486289 14 6 517700 93996
2486629 11 5 495795 61648
2487203 7 8 450289 64265
2488157 1 16 385363 27194
2488700 6 14 42391 37717
2488795 16 5 590453 75015
2488796 18 3 369278 23121
2489290 12 20 368276 29343
2490605 16 12 509952 66122
2491129 6 2 203900 73688
2491147 7 10 151321 16284
2492165 19 17 85925 86444
2492374 1 7 224877 31742
2498571 1 6 305414 97893
2498666 10 8 45143 35418
2499865 6 15 13090 15937
2500790 6 11 65538 91527
2500979 15 4 544953 66627
2501107 17 14 223754 23352
2501769 19 20 259041 52011
2503338 20 10 313780 84918
2503457 2 7 486622 27327
2504021 3 8 457781 21228
2508895 2 11 125705 37585
2510307 19 8 498997 50375
2510307 10 5 487729 4634
2512068 9 13 391855 64298
2513291 3 7 565741 32289
2513942 11 7 67117 50083
2514029 6 12 212986 77591
2514953 18 7 153356 35499
2515376 16 1 590350 7454
2515522 4 17 170072 74985
2515552 8 7 61751 12330
2516747 5 7 273094 62893
2518674 11 12 322150 73665
2519879 11 1 456068 6499
2521382 11 13 579012 39923
2522898 20 12 498796 12432
2524136 18 4 99673 52269
2525747 1 2 168322 83954
2526727 10 4 63053 92761
2526847 1 3 17917 24626
2528204 8 11 129784 14651
2531066 3 20 168481 53597
2531702 11 15 289372 45718
2532079 17 4 30454 7659
2532846 3 20 230193 44801
2536980 14 3 81037 42991
2538182 15 9 318410 45404
2538898 9 3 587885 90446
2540257 17 2 170984 72748
2540369 8 1 25601 25435
2542742 3 4 317636 73512
2543167 5 13 234633 74997
2545099 9 17 94366 83032
2545547 14 12 39793 5025
2545905 18 14 348516 55011
2547043 10 16 251668 71670
2547126 15 14 592443 25171
2547407 3 8 519420 93545
2548491 4 7 571483 10050
2548688 3 2 405710 18839
2550501 3 7 579280 58215
2550599 13 12 255701 78865
2550607 19 9 21532 46374
2551002 10 19 573423 68250
2552095 11 18 176216 42984
2553024 11 6 222210 68225
2553831 9 20 165940 71410
2554097 17 1 131703 70902
2554191 5 10 322647 69006
2556293 20 10 102086 76655
2557111 1 15 277504 12032
2557322 16 4 105337 65505
2557590 13 19 306689 75524
2558427 15 6 241485 8306
2558494 6 9 530637 68822
2558574 5 7 403630 44843
2558754 16 9 428462 50629
2561633 16 12 138484 22034
2561841 14 7 496532 81374
2561926 8 2 419633 12773
2561973 13 20 10094 14781
2562000 5 11 564337 68154
2562000 19 14 140341 68041
2562297 6 11 118579 83509
2562589 12 5 567517 20003
2562592 13 11 377776 40508
2562593 17 16 28413 80089
2562593 8 16 254229 37182
2562595 8 20 255354 84345
2562700 20 11 380289 11619
2563948 8 13 121003 37598
2564095 4 16 145524 62290
2565036 12 11 275706 86320
2565165 12 10 527130 15200
2565377 1 15 539117 34682
2565526 1 6 507690 66691
2565646 7 2 485104 31720
2567544 6 8 443862 60296
2567638 13 11 72917 40302
2567654 16 18 172476 40983
2567741 19 18 245681 51084
2568642 2 5 78284 96105
2569575 15 12 209944 18712
2569621 18 8 332327 95720
2570278 7 9 296708 32769
2570348 2 13 31887 60643
2570378 10 3 86191 87853
2570777 6 9 523985 21124
2571144 3 16 259122 12749
2573254 9 20 521670 47735
2574041 10 4 406582 38708
2576936 2 6 247433 40914
2578108 14 9 129586 42344
2578197 16 18 133122 76597
2578441 17 8 599935 84628
2581215 12 10 167341 26997
2581321 13 20 30445 25736
2583463 18 16 309536 21466
2583580 20 13 481651 92421
2584163 1 2 314661 13461
2584174 12 16 150266 79775
2584184 19 9 236498 98306
2584200 19 15 372036 88597
2584716 1 11 289890 94199
2585111 4 14 83395 13006
2585317 16 14 171041 59361
2591273 2 9 268682 56271
2591287 19 6 538643 49220
2591304 20 18 59848 32820
2591352 11 19 124053 84568
2591358 5 11 309629 94764
2591521 20 7 82979 70003
2593928 18 8 549000 99241
2594060 19 14 49256 29292
2594090 1 15 64398 97371
2595294 11 20 353236 44208
2595559 11 6 525438 39930
2595708 19 18 62513 75581
2596888 7 5 337277 94109
2596925 1 3 504014 43556
2597321 13 16 17144 81465
2598239 16 9 150195 83601
2601951 9 18 267797 8977
2603120 5 8 72681 58970
2603764 9 3 331579 7608
2603807 9 1 521237 14707
2605837 6 10 567876 18124
2607140 6 12 39409 37178
2608391 1 17 498281 13631
2609270 17 5 477028 15286
2609398 15 14 170480 45214
2609399 6 19 537106 32412
2609400 14 18 389927 63406
2611062 8 17 529048 64340
2613746 3 10 263687 6138
2615950 7 17 313067 73977
2617430 17 12 119500 71201
2618243 5 13 72032 37015
2620986 19 2 486734 19671
2621762 11 19 79139 43245
2621815 9 6 523536 52207
2622128 18 1 137108 86755
2622315 11 7 390282 5656
2623114 11 8 156754 11415
2623157 8 15 326234 22929
2623159 6 14 337657 51278
2623740 18 6 378364 93773
2627611 7 11 593866 89197
2627933 12 19 197830 90125
2628278 13 11 266068 46545
2628418 16 9 281274 99430
2629102 14 3 37542 27942
2635779 20 4 389662 57163
2635793 8 11 452247 36978
2635795 12 15 287746 82676
2636603 3 19 324830 23920
2636633 3 13 168290 90221
2637388 1 4 234849 53953
2638382 11 18 525564 74206
2638661 6 9 582246 90095
2639358 1 19 86421 4085
2639384 20 6 357909 33402
2639396 9 15 89712 30370
2639622 19 16 524634 54181
2639977 17 11 472177 57983
2639985 16 6 74255 91821
2640675 4 14 66039 39668
2642138 12 11 28738 10489
2643163 18 19 200843 86925
2644522 16 4 484978 96258
2644719 1 18 187661 22223
2644742 7 14 57229 99688
2645319 16 12 420117 96667
2645577 11 19 411052 32428
2650356 18 9 205613 92880
2650372 8 19 351330 38943
2650766 20 3 420692 95969
2650767 12 20 66262 23609
2650794 1 9 143894 60398
2651895 11 18 536751 79577
2651957 15 14 512631 52945
2652539 1 12 362918 2037
2652544 6 1 296692 16185
2652545 9 2 56201 33352
2652716 15 19 36728 17206
2652936 16 15 285918 58823
2652982 13 3 262541 90900
2653041 15 2 131271 70393
2653132 18 7 551144 12182
2653179 12 11 45949 71501
2654546 14 17 251142 74697
2658389 8 4 486877 96654
2658426 4 18 343135 39718
2659138 10 20 264963 46524
2659728 15 13 376264 54668
2660569 4 17 474076 13888
2663310 15 6 572357 31978
2663505 5 6 189743 75888
2664636 3 19 299392 28862
2664810 5 14 317967 28092
2666505 6 4 531277 11664
2666723 4 19 26941 39034
2666838 10 8 566818 57962
2666983 1 5 8650 93613
2667063 11 1 282816 27326
2667308 15 5 469975 18108
2667472 7 4 230277 44304
2667751 8 12 529404 65801
2669215 19 9 9475 78466
2670531 16 3 295586 90219
2671744 5 17 161316 97359
2672462 18 5 386974 90561
2674115 7 8 42421 8606
2674173 2 11 108016 61546
2674282 16 18 326654 32222
2677515 6 1 203755 93602
2682001 14 5 405627 78022
2683542 6 1 235654 73164
2683766 6 17 19588 18015
2683772 19 1 381801 10222
2685283 16 3 603754 30291
2685776 3 5 578885 29776
2687069 16 4 596538 25216
2688620 11 17 497660 78701
2689814 12 7 50182 84081
2690918 13 16 150158 52104
2691187 18 19 595278 87793
2691226 18 12 266530 7867
2691564 3 7 31174 45049
2693019 10 3 204708 60281
2694566 8 15 245038 6809
2696260 9 17 492345 86410
2698067 14 4 203745 5757
2698190 14 1 328155 87492
2698193 17 19 584511 73788
2699249 4 3 172726 57867
2699381 19 16 368067 88604
2701729 20 10 187721 47936
2701749 5 16 437851 49118
2701749 7 13 356736 50229
2702903 5 17 113648 54762
2702981 1 6 166722 45360
2702996 11 19 230535 62665
2703591 3 13 95180 99278
2703596 7 20 361276 18396
2704090 7 8 205915 6600
2704404 17 18 198252 12469
2707282 8 17 550751 12901
2708646 20 17 198642 61598
2708754 12 2 83437 60146
2708876 4 10 199411 94151
2708894 1 18 555858 49920
2710591 5 17 34617 14388
2713050 10 6 557157 40139
2714391 17 1 116794 46618
2714396 13 1 425692 9322
2714777 6 19 523761 92734
2717270 8 16 104874 51755
2718147 12 6 370724 50391
2720512 17 15 278902 15751
2722428 3 6 263810 61922
2722875 12 6 303062 9733
2723182 7 3 194642 43506
2727157 16 9 319882 2883
2727497 13 8 412562 74102
2727546 2 15 164224 90348
2728465 1 11 276267 63857
2729276 6 13 471565 61673
2729368 3 1 444489 23777
2731698 16 19 302662 95342
2731915 5 15 368026 56768
2732768 16 5 283968 63662
2732863 19 1 413666 68073
2733592 18 12 303619 11265
2733594 13 17 97105 75653
2733820 1 19 135244 77246
2733886 15 18 279782 91064
2734234 13 18 162199 84695
2734917 9 4 356520 47690
2735217 3 7 93657 87884
2735983 15 9 351394 39429
2735991 17 10 270747 32418
2737231 15 14 492021 70491
2737345 10 8 512230 15300
2742019 14 6 244001 7999
2742708 2 6 532771 98097
2743702 12 13 328633 9907
2744058 8 3 9967 39435
2744393 18 9 180135 95831
2744657 2 18 69441 7316
2744765 2 20 431099 18579
2744985 9 20 341869 32474
2748510 8 9 583302 95825
2750145 3 16 155595 68404
2750249 11 3 261264 32668
2750396 10 17 586150 68183
2750876 6 4 95697 70742
2751060 20 8 15374 24909
2754550 20 6 488814 26399
2754552 18 2 169093 23581
2754885 19 18 537872 41298
2755232 10 3 369378 58644
2757331 5 13 561730 87077
2758071 14 5 131679 67260
2758688 14 16 482085 28884
2759864 8 12 382381 64628
2761647 15 5 302144 50760
2763948 15 2 235882 29664
2766187 5 1 165663 44305
2766550 4 16 507131 50447
2767833 6 13 193207 29470
2768337 20 3 440538 64222
2768372 13 8 583618 24528
2771812 4 20 457125 73451
2771857 5 20 83989 31737
2775506 16 7 250192 32836
2775581 6 16 411301 63674
2775711 14 3 160763 52201
2776398 16 5 552492 77189
2776737 7 10 136200 29427
2780807 17 11 182442 20534
2781880 2 8 59444 67846
2782262 5 18 455444 31904
2782971 1 15 489238 49505
2783611 16 19 46370 96635
2783912 3 20 461608 30882
2783922 18 15 11071 6104
2783995 12 18 196361 36904
2784050 19 16 599039 96965
2784387 6 4 266219 55305
2784398 2 19 437567 66450
2786943 20 9 42330 33256
2786949 1 14 562292 10562
2787000 14 9 234780 65239
2787763 18 15 580745 49106
2788582 6 9 100928 12027
2789001 15 7 281977 26504
2789915 20 12 143955 90142
2792225 3 6 180370 91510
2792863 5 2 106619 90366
2792971 17 10 589591 54429
2794037 1 18 96133 57555
2794151 16 5 463776 62731
2794159 19 4 561251 26986
2796848 7 10 391447 59013
2799463 12 16 340208 5667
2799522 15 16 517794 31769
2799721 9 11 518826 38055
2799902 3 7 344847 57522
2800170 17 16 262992 67447
2800471 10 8 590823 24961
2800575 4 10 525531 39923
2801789 12 20 254043 88714
2802575 9 6 198026 61944
2802598 3 5 307714 61634
2802702 19 1 404802 13030
2803478 19 20 364076 83557
2804247 14 5 419281 69276
2806504 1 7 330939 10632
2806672 5 12 119954 36747
2807425 3 18 576716 47417
2807622 1 16 54683 16280
2809464 8 6 287535 6685
2809503 10 16 112515 10291
2809576 15 12 114377 87900
2812866 14 3 574561 37456
2814901 11 3 351534 11764
2821196 18 12 536542 50376
2821547 13 11 169893 59647
2821750 17 14 88293 31697
2822284 14 20 198455 97041
2825292 13 14 513123 55801
2825349 7 6 196119 14358
2825379 6 15 264638 21665
2825399 4 1 581651 87107
2825399 14 13 560882 61261
2825400 5 9 191167 44918
2825400 14 10 527382 82813
2825882 12 1 247073 81838
2826896 4 13 494102 9773
2830314 19 18 440873 92594
2830656 15 5 583104 97411
2833782 7 19 205224 81002
2835227 14 18 392019 2523
2835327 14 9 502216 87212
2835393 14 15 455896 23297
2835394 20 3 144445 38173
2835482 18 8 73889 92279
2836263 11 7 64944 49602
2836758 14 19 505667 88368
2837888 7 9 305521 88926
2838376 9 8 294479 57399
2838406 1 9 257172 38898
2838538 14 20 141289 86102
2839177 16 1 92949 44001
2840581 1 8 205257 21439
2840641 5 16 303503 57105
2841506 15 10 269397 67339
2841533 8 4 154355 93340
2841604 10 2 473362 54552
2842554 12 4 518576 11910
2844156 3 17 259152 38337
2844302 7 9 55093 46019
2846786 8 18 543411 54940
2846942 20 13 275280 46001
2848488 1 6 339518 17116
2852936 18 12 20045 3849
2852968 13 15 163588 49181
2852979 6 8 556805 48380
2857045 13 9 504741 61172
2857308 20 14 581246 37824
2857700 15 3 424255 5853
2858634 3 6 585952 54886
2859732 3 16 509019 22307
2860705 16 17 527057 35373
2860750 7 19 287799 19150
2860774 11 19 555873 65846
2861363 5 2 584733 70588
2861398 6 19 73252 37967
2861400 4 20 390757 27220
2862995 10 3 507834 87525
2863230 1 18 294518 53600
2864167 11 9 375145 42080
2864195 13 6 303304 67185
2865759 19 2 318249 43371
2866025 1 11 484605 80316
2867667 17 2 225937 95815
2867926 6 7 225004 36333
2868254 13 12 435399 91454
2868311 14 19 380780 83086
2870190 7 6 458054 74506
2872188 15 17 313176 63268
2872191 3 11 596164 65574
2872779 9 4 135008 29591
2872787 19 5 179248 66654
2872908 18 3 285217 93407
2874600 2 15 84885 83887
2874600 4 14 353341 84636
2874600 15 2 385021 18472
2874600 6 19 589798 20864
2879700 4 14 543583 79771
2881202 20 19 24740 55504
2883478 6 8 594732 95989
2883576 14 8 24803 24536
2883596 12 11 220222 76543
2883600 16 19 233646 31213
2883753 8 16 390837 13269
2884898 18 6 415109 23658
2886987 12 11 507643 30534
2887363 1 15 283169 51786
2887683 13 17 249441 68357
2888926 7 9 144237 98609
2891517 7 20 219953 53491
2891725 14 15 416792 65580
2891971 9 17 349186 15607
2892259 18 14 525329 33234
2892521 15 13 262050 87090
2892526 1 2 297863 88531
2892542 9 5 142583 11316
2892962 10 16 305443 71308
2892992 3 8 546341 75813
2893174 15 20 65664 10654
2896393 1 16 417957 50506
2897117 2 9 352363 25835
2898499 14 19 113045 88161
2899225 7 15 141525 91201
2900951 3 20 408952 94776
2906271 2 12 372142 34313
2907818 10 11 336971 23078
2908253 4 13 546777 49689
2911131 7 3 199556 54281
2911177 17 9 141804 43863
2914522 6 2 441639 64371
2914715 10 13 600172 22080
2915266 9 19 231748 25759
2915442 18 19 129101 27541
2915760 16 7 454706 55403
2917805 15 19 481168 55396
2918459 13 2 538891 19855
2918819 19 17 240867 97239
2919836 11 12 46672 96716
2920741 2 1 171609 26085
2920752 11 1 528150 56115
2923032 6 17 202902 40421
2923193 13 3 363479 79642
2924125 14 5 75358 96488
2924387 7 5 361894 52025
2924397 7 14 136030 87397
2924397 5 16 502030 48694
2924398 9 7 138728 86686
2924399 5 16 259259 38938
2924399 1 20 407618 7774
2925693 16 9 575885 8884
2926087 7 15 150936 71487
2928865 6 14 470697 92595
2929108 5 1 242777 34257
2929726 20 14 589516 45427
2929767 13 3 26091 42735
2930032 17 1 570865 79255
2931410 12 14 413159 84270
2931432 14 18 262387 81368
2932025 20 14 316242 60026
2932139 9 15 143722 70124
2932168 18 3 157841 39770
2932171 8 10 354206 33979
2933162 15 4 550831 90294
2933188 10 17 411054 59052
2933545 17 9 299150 82256
2933675 1 17 490295 76200
2934643 2 14 150277 88003
2934985 2 7 492588 59403
2935868 7 2 484940 55773
2936740 20 16 321957 14347
2936887 2 19 328851 38869
2936949 1 8 504041 45549
2938417 17 12 408424 47101
2939055 7 4 298471 35662
2939395 1 14 334317 96758
2939400 8 9 106337 87790
2940523 16 13 240295 36354
2940526 9 5 488279 32243
2942049 1 6 604729 14826
2943732 6 7 178752 80379
2945710 8 10 516167 64111
2945899 19 10 516744 44153
2946252 15 1 296288 40956
2946458 13 18 490489 39576
2946787 17 15 67534 39232
2947167 18 14 137380 94708
2947198 17 8 16688 18712
2947421 15 13 115966 6487
2947979 13 18 116736 7307
2948371 14 5 469694 10322
2949410 4 15 61016 15622
2950815 16 18 170142 37151
2951358 2 10 359943 11596
2951467 16 3 283013 57808
2953212 9 19 67687 29525
2953893 9 6 71898 57142
2955094 17 3 558984 77097
2955828 14 8 153531 51963
2955852 11 4 356566 98447
2957979 13 10 581128 68468
2960006 17 11 26003 42193
2960302 18 15 46692 55501
2960794 4 18 428283 74169
2961534 1 8 568135 45798
2962455 2 18 119399 31715
2962465 6 8 498930 88954
2964486 6 17 259101 41200
2965038 19 15 181912 41127
2966643 15 1 23278 67633
2968859 15 1 59704 19913
2969967 18 12 95523 87180
2972021 11 8 529857 83442
2972176 13 19 586469 44075
2972349 16 13 456934 8727
2972917 17 20 59247 45677
2972929 13 18 461243 66974
2973962 1 13 300245 35383
2975515 6 17 285760 24075
2975745 8 13 155245 77649
2975983 5 6 417214 53893
2976492 5 13 462763 92550
2976554 18 16 271299 33015
2976590 19 15 145757 8866
2976598 10 5 512938 10496
2978216 19 18 588544 59242
2978232 11 20 221437 83919
2978362 16 9 232443 7973
2978389 7 10 205671 11266
2982870 1 16 544073 21692
2985456 13 2 199574 77513
2986235 17 1 51936 11880
2986966 2 14 12588 63642
2987496 18 11 250282 61116
2988821 7 4 17802 15893
2989014 7 1 599063 56332
2989097 7 18 515033 20034
2989239 12 20 427207 30172
2990278 6 14 526022 83837
2991857 19 7 436260 48125
2992019 2 6 456805 39373
2992077 15 11 574036 6179
2992091 13 17 497609 79075
2992091 16 13 12329 63373
2992526 5 12 355765 21230
2993653 16 6 303646 11889
2993916 20 17 144307 48246
2994526 15 2 558373 84121
2996526 1 13 82630 68596
2997354 14 20 243210 89035
2997391 5 7 369410 42854
2997475 15 2 176641 35693
2998565 18 4 366352 28580
3000208 13 8 105130 91413
3002886 19 6 534920 95344
3002932 19 12 412191 17761
3002932 10 8 129190 46406
3003170 1 19 340779 32756
3004710 10 12 585009 8042
3006911 4 12 268171 19097
3007247 11 6 47487 45352
3007642 7 4 9429 82780
3009453 18 4 15951 95550
3010040 16 17 148231 99050
3010179 10 11 86986 99625
3010183 9 10 330808 20297
3010491 8 9 559099 2288
3010789 19 2 182979 4006
3010799 18 6 170754 90119
3012084 15 18 565606 28469
3012084 17 7 361316 88046
3012348 6 3 210171 13868
3015353 16 4 295398 20873
3015672 6 15 379579 6469
3018576 1 2 465396 97345
3019754 13 8 370631 68973
3019794 20 9 362964 94233
3019794 16 20 11340 53778
3020043 18 17 328760 8272
3020299 7 10 407442 16680
3020399 11 3 567423 58110
3020400 18 9 153193 29831
3020403 5 20 306530 6463
3021255 11 9 103429 69386
3021583 3 13 362691 58126
3022222 9 8 227226 45455
3022409 8 12 363813 28525
3023536 19 8 538424 9684
3023636 16 19 184248 27001
3024471 20 9 379634 76540
3025364 20 6 116132 7228
3026076 7 8 462965 95233
3026365 19 13 86913 36615
3026394 14 20 586209 14377
3026400 15 5 306984 24992
3027544 18 13 418096 50165
3027576 19 9 552568 49688
3027780 8 16 273322 64009
3031528 3 2 73440 18631
3032164 7 2 421833 41468
3033127 7 20 281935 42831
3033859 5 18 123884 29245
3034155 2 9 14220 46398
3034188 18 9 149092 2806
3034199 9 16 69259 18871
3034199 15 11 596735 4500
3034674 13 9 385825 65958
3036272 19 8 267488 59785
3038256 20 10 587681 96358
3038272 20 17 545296 24107
3038311 20 15 405522 4994
3038400 10 19 238453 3736
3038400 14 6 459821 54007
3039994 18 16 597310 83693
3040379 15 13 67272 84414
3042636 18 15 62850 23149
3047357 3 2 537608 20899
3047783 5 2 17863 41905
3047835 5 16 166558 65313
3047867 12 5 218346 21442
3047893 13 14 201743 64662
3049095 19 9 265919 77850
3050084 2 7 546120 58400
3050174 15 17 595988 38025
3050677 15 9 278556 66197
3050982 9 14 253019 61745
3050998 17 14 131346 59590
3051000 15 19 127459 77622
3053198 13 12 443219 12508
3053221 4 9 160949 93370
3053264 15 6 317671 72222
3053273 5 2 385912 13542
3057948 1 15 22511 98682
3058132 19 10 526091 68873
3058508 15 12 34052 83515
3058896 9 4 271696 67201
3060565 13 4 511583 61195
3060600 18 13 376271 56824
3062140 18 17 525332 31677
3062965 8 19 97777 62909
3064752 9 15 12025 6289
3064796 2 15 490289 33252
3065816 20 17 370181 47079
3066684 9 20 119136 11238
3067880 13 1 429068 40889
3068240 6 12 333287 95932
3069027 15 12 142187 43155
3069608 12 6 555071 25488
3070529 10 1 293505 3676
3073005 20 7 378892 23451
3075842 20 8 328516 88691
3076573 8 17 305229 5852
3076617 1 5 225910 11512
3076712 5 13 506309 49639
3076767 18 13 334237 18913
3077169 19 17 241977 25596
3077174 12 17 300861 10645
3077283 17 9 85934 87907
3077325 10 6 278022 49157
3077393 6 2 215292 24218
3078142 18 9 457375 56231
3078788 4 12 299035 91565
3078840 9 7 558044 46915
3079515 9 5 465429 37049
3079933 9 18 385410 31972
3080966 10 9 231049 57584
3080998 9 13 359665 12701
3081400 19 4 314407 76741
3081560 18 1 258409 67565
3082250 10 8 211587 82711
3082903 12 13 86315 21326
3084540 11 9 511760 36340
3086056 5 4 18963 50736
3086288 14 8 323735 36860
3086447 7 11 233389 92161
3086495 10 2 599606 96466
3086590 9 1 127769 72990
3086869 8 15 310565 23887
3086903 11 16 295979 40868
3086998 20 10 229784 15926
3088130 8 19 110194 71732
3088506 14 12 358471 20483
3088532 19 13 161031 54372
3088627 8 6 16995 93823
3091113 11 7 550729 63848
3091815 2 18 30987 38161
3093061 18 6 344575 20047
3095917 15 3 228833 19214
3097719 10 6 536086 53876
3097791 14 1 87021 52501
3098288 15 1 369704 25113
3098857 10 19 202137 80498
3101291 9 11 120106 53444
3102265 3 20 63662 21125
3104341 4 16 196381 67903
3105495 6 10 580049 65757
3105500 6 14 44032 93658
3107191 13 5 451972 39511
3107383 3 19 424487 73118
3108549 7 17 453008 91027
3108549 8 17 520124 98742
3110371 3 7 597786 58617
3110376 4 12 594506 12644
3110387 2 5 134171 51430
3110400 19 6 381257 12832
3111233 10 13 65945 34584
3111344 5 18 534890 17656
3112360 9 18 177639 68214
3113162 9 1 20385 55274
3113260 8 10 486255 44336
3113736 7 20 56926 31325
3116299 7 13 27790 84908
3117378 4 19 558215 77595
3118385 6 7 176682 16500
3120630 17 18 555362 37389
3121608 13 11 271505 74599
3123493 7 14 410885 91904
3123595 1 15 501988 89420
3123987 5 7 158337 4996
3124437 3 17 14311 4150
3127049 1 17 366332 8344
3127354 13 19 149257 97940
3129732 1 18 101912 81838
3132429 7 8 211477 51427
3133639 6 13 310094 3693
3133660 12 13 516390 29598
3133761 18 14 211692 70044
3135461 11 12 113705 89162
3136816 4 1 519122 34608
3139716 15 20 592795 81291
3140357 16 18 63248 69185
3141563 19 13 83129 77037
3142660 19 13 287577 23123
3144887 18 5 92047 65579
3145976 17 8 457698 99846
3148243 20 14 572760 38276
3151795 20 14 290428 58712
3151797 13 14 207322 80105
3155271 2 17 398314 15632
3155362 17 16 267700 72405
3155650 7 18 417591 68228
3157255 11 1 593045 52787
3161373 20 3 383324 96559
3162400 8 5 255703 26133
3162400 17 2 145407 52699
3162760 1 14 551179 28650
3163088 3 10 418153 19799
3164016 17 6 579803 83359
3164363 3 7 464314 11515
3170709 20 9 76662 45753
3171251 1 13 543926 91151
3171535 8 6 9024 66718
3172994 16 6 524219 91274
3173300 1 20 532879 63137
3173591 10 9 337902 2342
3175665 16 18 539629 18544
3177902 15 11 352890 69014
3178025 10 6 264274 49723
3178055 5 8 261973 33226
3178168 10 20 490129 56865
3178467 5 18 475526 2509
3179571 15 16 167579 54561
3179624 5 18 393451 71724
3184239 17 3 43208 19049
3184562 13 7 431551 90710
3185414 3 16 99275 31706
3185851 11 4 274362 54965
3187433 20 7 509137 86998
3187702 3 15 165650 3220
3187741 9 4 122076 28293
3188268 8 3 132917 3055
3188310 1 13 527810 57329
3188604 15 7 48858 33206
3188731 9 8 593608 95185
3188909 7 1 583142 87070
3189032 15 20 81936 71955
3190272 18 6 68154 19106
3190736 7 6 593542 92581
3191995 1 3 18908 53434
3193696 8 20 342113 15047
3195835 14 8 126852 78624
3197959 13 5 433447 85752
3198104 12 9 262333 48435
3199297 15 11 425002 84149
3199839 14 8 532568 62932
3200242 10 17 293607 50110
3200661 10 9 195390 48390
3203661 12 6 207176 91573
3203764 3 11 297429 27108
3207269 6 9 557421 64939
3207446 9 17 51560 34842
3209390 7 3 351934 13957
3209396 5 12 276817 74358
3211378 7 12 392669 9117
3211390 5 8 412197 30590
3215041 12 5 465690 83231
3215100 19 12 344740 64574
3215150 5 10 75861 84051
3215659 15 16 203721 70083
3216551 18 8 355357 47084
3217791 13 15 31943 77933
3218074 10 4 189945 36617
3223425 5 4 472069 18189
3224012 1 5 83703 18586
3225521 12 8 193399 30460
3225536 14 10 427911 5531
3225583 18 9 140349 39477
3226719 18 19 220633 82581
3227502 17 18 471669 52633
3229954 9 2 409162 73116
3230444 19 16 502922 77075
3235616 17 19 406855 91625
3235632 10 18 68430 32195
3236393 9 2 276840 37139
3236950 6 11 599109 23718
3237809 20 9 335656 6947
3238161 14 19 527408 50762
3238173 16 4 100468 89659
3238188 16 12 573721 49363
3238197 7 12 390250 95221
3239312 3 14 415865 3127
3239400 6 5 221907 86811
3239468 16 3 32092 28631
3240571 18 15 603374 32935
3241178 14 11 584030 61196
3241199 16 14 364420 52987
3241199 5 3 329347 16943
3242735 13 14 143880 26512
3243423 2 8 389778 66340
3244002 12 16 45829 87659
3247690 7 12 131269 26038
3248722 18 9 46211 74444
3248856 18 19 523940 91450
3249125 3 1 376623 81624
3249869 1 6 402072 53691
3251105 1 17 93507 84802
3251470 2 16 166704 6036
3251626 16 17 208879 56991
3252478 14 17 118856 50047
3254809 17 2 50233 6571
3255484 5 13 7921 65074
3255492 3 2 226941 23214
3256541 1 16 355818 14266
3256753 2 17 69409 44932
3258583 11 14 143273 39648
3260803 16 17 572932 64598
3261981 16 11 509881 83451
3263306 15 16 300971 67448
3263361 6 3 124269 3287
3263854 11 19 321234 29834
3263862 14 16 260850 71757
3263874 9 11 162802 47694
3263875 1 19 440839 76031
3263994 8 6 135744 95310
3264603 9 3 564069 3673
3265684 18 12 518158 6564
3269431 7 8 306766 39074
3271408 8 16 202643 9101
3271735 16 10 37403 14016
3271781 5 19 497601 59327
3271786 3 13 437446 89331
3272439 10 17 103214 16928
3272589 9 1 391414 84982
3272793 15 11 100108 17741
3273069 5 13 40022 82064
3275543 5 10 551719 53535
3276383 6 10 33469 59846
3278111 6 19 570557 47191
3279141 7 3 580737 69220
3279993 16 10 501688 59758
3280167 2 4 596548 69486
3280173 20 7 165449 49958
3282895 1 20 86047 49666
3283308 9 17 478482 47482
3284125 12 17 68867 91684
3286312 18 1 57463 10776
3286505 10 13 24985 46105
3287575 13 9 10799 37905
3288605 14 11 379453 35703
3288988 9 6 281668 80312
3289106 4 12 45882 27561
3289168 14 18 262835 18643
3289193 13 10 593767 56847
3289487 16 12 257161 93204
3289528 15 20 518102 13329
3290108 8 19 175134 11415
3292811 19 13 372859 27661
3293027 4 2 248233 9304
3293093 20 4 174746 75410
3294599 19 7 152379 65214
3295176 18 6 523251 74811
3296582 9 16 558322 20073
3297525 11 18 36823 51936
3298109 13 3 210469 64503
3302987 1 11 513866 13339
3303019 12 13 202674 44826
3305764 14 2 526541 25277
3308387 3 20 43495 91344
3309103 16 12 159114 88111
3309264 9 7 278860 54780
3309376 16 17 42609 95019
3309474 16 12 441715 85832
3309772 11 13 353413 85968
3311196 14 10 106330 78288
3311703 7 20 24197 23553
3311956 15 7 407214 24893
3311992 20 8 439676 36632
3312137 7 10 552674 13788
3312973 7 1 250671 3368
3313405 20 15 173402 30386
3313532 18 20 189325 99358
3313784 4 19 86925 47308
3313797 12 14 545798 44625
3314709 13 20 52135 88265
3316015 6 9 186332 2613
3320123 14 4 542915 28151
3320299 9 13 512323 70605
3320900 14 10 81420 56980
3321000 20 8 455592 90550
3321704 12 16 413138 29896
3322738 13 16 285347 61211
3325012 14 11 495709 57181
3325159 1 17 202066 63637
3325184 16 18 152353 37526
3325323 9 10 127938 64938
3327483 16 6 134702 91523
3327509 7 9 237396 67219
3327558 5 6 216813 68618
3327566 7 14 311766 34029
3329338 2 20 290245 28753
3329577 2 16 89148 91685
3331772 20 12 151441 40819
3332222 10 16 94180 30375
3333869 2 14 365883 97378
3334345 20 19 550682 68566
3334548 5 9 272768 51572
3335191 19 13 114873 21966
3335297 10 6 378813 87140
3335347 19 11 243627 59465
3335393 19 9 149324 33174
3335395 17 3 453637 80828
3336456 5 13 491863 87348
3336575 16 9 281830 38977
3337764 12 14 226282 23553
3338282 19 4 424237 62524
3338845 3 18 9660 93812
3339426 11 18 459735 57827
3339473 2 9 26256 91306
3341863 3 9 148424 39329
3341985 17 19 550427 48946
3342347 17 20 504744 87527
3343025 18 9 529501 25241
3343798 16 14 160242 5081
3347693 14 2 399160 3170
3347909 6 4 111519 16739
3347957 8 18 152360 91572
3347987 19 15 204578 41630
3348507 10 2 461028 71666
3349922 12 8 580420 47125
3351605 9 2 562015 89288
3351686 4 5 155556 81174
3351866 10 7 312262 3413
3353131 19 9 8487 7796
3353308 4 15 297591 16268
3354267 3 17 317310 58942
3354566 6 5 91715 82966
3354599 3 7 579613 64873
3354599 6 3 87159 84980
3355571 14 8 579139 44639
3356843 11 10 360627 22921
3357123 19 16 542568 41686
3359500 17 10 445900 78525
3361306 14 9 104052 15965
3363240 10 8 515130 59070
3365481 1 17 40065 77590
3367663 5 9 26989 89876
3368568 4 7 462654 18078
3368797 15 14 347022 75207
3370463 14 16 455411 38859
3370648 12 16 285379 67528
3371235 5 9 554681 88853
3371275 8 15 186860 74232
3371406 2 18 567564 81979
3372323 4 10 62378 10125
3372429 13 8 349162 80825
3372473 6 1 54764 36186
3375088 1 11 514269 8280
3375544 7 20 103398 58021
3377840 20 17 444312 57988
3380277 17 5 285459 28116
3380399 11 12 365648 28106
3382619 13 11 212368 24946
3383601 2 16 455292 60963
3385212 10 19 367728 2528
3385336 7 17 66489 12475
3385572 1 11 132983 88372
3385670 11 8 104465 98597
3386230 19 2 494697 85564
3386281 5 6 604177 47026
3386340 4 3 302549 67801
3386345 14 15 386999 11618
3386397 11 20 240892 67108
3387724 17 9 107935 30207
3388126 19 16 540939 92401
3388167 1 6 163064 42070
3389957 10 13 18404 64672
3390853 14 5 334112 16057
3391063 2 20 283663 23381
3391089 14 5 29713 63026
3391117 16 18 359559 75185
3391675 13 12 347602 59790
3391756 9 11 576891 93304
3391782 19 2 421476 49316
3392178 8 14 478849 86134
3392476 17 10 586820 95165
3392988 1 7 283558 22219
3395351 3 20 351992 29167
3397074 12 3 604332 58522
3398625 5 10 544186 30693
3399464 13 11 320263 44813
3399584 14 16 125851 67055
3400873 16 8 85123 16808
3401211 9 13 40583 17621
3402571 20 18 167926 48006
3403476 8 17 509198 52037
3404884 19 4 14850 53665
3404979 6 15 196264 87819
3406427 20 16 565391 12762
3406685 8 18 265871 33899
3406744 2 14 573944 30803
3407216 10 1 573263 2080
3408433 19 3 153013 48354
3409044 1 15 508924 52788
3409636 18 5 282057 20635
3409759 4 9 426167 43719
3413986 16 18 584492 85896
3415428 2 14 140659 11831
3418431 20 12 9557 53844
3418591 9 8 44413 2333
3419825 18 13 581635 11388
3420076 12 3 339453 96153
3420565 14 16 105631 30801
3420586 1 4 30473 5375
3421231 13 5 399883 54957
3421741 7 12 165382 37286
3421770 6 11 416782 50710
3422066 14 4 553658 72856
3424480 5 6 40786 86522
3425995 15 3 509532 79393
3425997 7 16 14446 41715
3426422 12 16 458618 72593
3426575 17 12 112627 94239
3429046 20 3 242483 69012
3429585 1 18 396889 13705
3429594 12 18 362047 18792
3429855 12 9 130388 7876
3430599 17 12 518288 3900
3430983 9 11 164220 28939
3432502 16 6 16087 55429
3432540 17 13 107079 2023
3432546 8 16 494505 89278
3432556 9 12 333491 30305
3432585 18 16 277236 24983
3434115 3 11 499770 74249
3436081 11 7 471604 10095
3436246 20 2 139684 93677
3437098 20 10 588481 54448
3437879 10 17 261849 77693
3441440 13 6 594561 38086
3442197 5 6 94821 95291
3444608 8 13 490866 94925
3445347 14 3 371691 28926
3446190 5 16 491465 93862
3446201 8 4 588598 57416
3446325 7 5 337505 63743
3446817 1 5 208934 16027
3446818 19 5 486691 45094
3447301 4 10 8273 38183
3448452 19 11 306340 99153
3450905 8 10 454809 60676
3451314 6 5 594408 87380
3452314 11 9 414396 45242
3455433 18 2 468420 37468
3455498 13 11 285594 81074
3456313 4 3 81999 37359
3459899 11 12 223504 43347
3461178 20 3 342175 13829
3462782 16 14 71834 76360
3464309 5 16 414699 23718
3464361 10 18 119649 49385
3466043 14 1 336826 13901
3466177 8 13 42549 76774
3466729 14 15 52670 51668
3467261 18 3 91791 14253
3467678 6 3 422560 85004
3467910 6 9 427185 52504
3468530 10 2 451132 28363
3468941 8 16 239676 97172
3470987 10 8 111140 60301
3470997 6 8 442221 86227
3473158 17 5 465282 74909
3475875 5 20 565519 87911
3476125 5 16 510522 34231
3476849 14 9 134698 71145
3476989 6 16 123470 39370
3477220 2 13 552467 6675
3477417 14 8 511375 22261
3478644 1 13 386715 93075
3479288 2 19 170812 23643
3479293 7 10 562429 86788
3479308 2 3 517281 64597
3479395 1 13 219518 76423
3479399 15 1 141027 34051
3481834 6 3 361398 80340
3485862 5 4 502621 63335
3485972 5 11 18482 68513
3485979 19 2 552392 17593
3485997 3 18 356204 76244
3486420 14 16 552111 8235
3486557 8 7 317834 11997
3488501 17 15 12114 43079
3489654 3 14 501279 7040
3493213 15 19 78122 64949
3496112 20 7 327737 47434
3496646 19 7 194196 17675
3496693 13 11 546463 39053
3496793 19 3 145605 12407
3500041 18 6 509362 92729
3500073 6 4 513062 25204
3500611 7 19 439721 61334
3501143 9 10 428254 37590
3501745 7 11 91992 3552
3502890 2 12 285913 74331
3505763 9 3 440397 76098
3505798 15 12 32322 95751
3506555 17 19 103314 5424
3506955 18 17 213501 33987
3509098 5 9 108373 69585
3509317 11 15 47755 36794
3509327 11 20 288877 39358
3509348 13 16 547313 48279
3509388 4 7 368772 22569
3510829 3 2 576506 89984
3511175 14 11 307831 55455
3511181 14 16 281698 8863
3511553 13 5 238237 3839
3514379 18 19 102219 76390
3515955 13 2 55353 89792
3515992 11 4 163099 70364
3517614 19 11 406829 26331
3518835 18 5 18112 36988
3519008 8 18 572667 63336
3519059 7 9 148687 46931
3519325 3 11 215804 58336
3519428 5 11 525509 24066
3520047 11 5 98100 92683
3520125 7 1 600408 23921
3521246 10 19 98582 61056
3521871 1 16 539104 90429
3521995 8 10 123362 25839
3521999 11 18 137895 38912
3521999 9 4 322235 33183
3524354 3 10 333706 46499
3524386 15 17 573750 32868
3524532 10 6 369900 63780
3526079 15 10 323147 36683
3526846 4 19 19015 95018
3528095 19 8 119095 93923
3528644 18 7 505662 31665
3529345 13 2 253575 25338
3529395 18 11 418423 35722
3533393 5 13 170894 34060
3534415 13 11 597370 28795
3535048 17 16 23729 93874
3535775 20 12 440787 34976
3535777 4 7 85154 17885
3535777 9 17 437978 12967
3538146 10 6 218541 44289
3538937 9 11 48289 63494
3538991 17 4 235478 54436
3541113 17 14 277326 23328
3541225 11 3 88457 85503
3542469 16 2 154113 9471
3542991 19 14 89698 44374
3543300 15 4 109327 68020
3544325 19 15 225599 23853
3544524 2 5 48151 73883
3544712 11 10 328658 69017
3545301 7 4 465897 37468
3546200 13 11 22000 40630
3546913 19 7 422185 53441
3547018 15 19 31782 71428
3547687 1 15 110000 72488
3547717 18 6 127395 74902
3547798 7 3 57252 9630
3548719 8 5 547860 21609
3548878 6 2 163603 15937
3551753 6 4 328473 24236
3551968 3 6 361353 89038
3553867 9 19 440235 76474
3553955 17 5 65651 15571
3555361 16 17 390371 91888
3558592 16 18 439733 57736
3558593 18 8 105200 98172
3559010 9 13 586727 15692
3559018 6 5 55286 68103
3560845 16 1 233209 38486
3561703 2 9 223919 49066
3561778 15 9 189953 50337
3563209 1 16 302587 61675
3565145 20 5 218528 95681
3565179 8 16 345211 20532
3565457 11 6 115721 8788
3565562 17 20 398421 38848
3565618 20 17 329905 4914
3566613 9 20 568849 13363
3566880 13 8 232088 17109
3568040 11 1 513807 80945
3568094 6 5 581551 57582
3568136 14 1 64643 88206
3568756 5 13 490611 71655
3570636 6 11 391842 4724
3571277 5 14 66041 93551
3575374 7 17 580404 50339
3577037 5 1 153845 18405
3577067 10 19 506244 85065
3577070 14 16 85832 10765
3577088 18 19 421330 95413
3577475 1 18 120701 90660
3577672 14 17 539533 39597
3581148 12 18 118337 75351
3582980 1 9 426930 25265
3586576 1 8 603205 11614
3586682 8 19 519981 89662
3587530 12 10 72970 64446
3588645 17 10 258291 32425
3589393 14 13 257681 30192
3590633 14 13 527411 28697
3590961 15 13 376394 80385
3591270 9 17 411653 27186
3591804 12 5 266598 49917
3591974 19 1 198107 73186
3594749 1 3 28077 41200
3596083 11 17 561915 66303
3596154 6 3 385680 53918
3596273 7 12 393988 67526
3597514 12 17 548429 63537
3597671 19 15 205186 83975
3598688 14 16 125388 81670
3598767 9 6 154712 35999
3599216 8 5 36316 55605
3600423 2 17 481183 98154
3600891 6 16 346616 30934
3601169 17 7 13224 74720
3602716 20 15 444894 22193
3602921 16 14 590557 81652
3603207 7 18 222790 45686
3603437 4 3 219801 57210
3603517 5 9 362954 63412
3604090 13 18 406488 25917
3604361 18 13 97307 36619
3604601 18 19 425905 70221
3604710 16 9 464746 17349
3605034 1 20 404086 28426
3605102 20 17 407174 99237
3605181 7 6 7653 94031
3605865 3 12 438285 96819
3605868 7 1 354646 18961
3605948 4 15 470054 54493
3606540 19 5 473560 22128
3606557 12 3 463084 61595
3607589 5 6 410536 93296
3608142 11 10 331773 5212
3609052 6 9 117836 3694
3610531 5 16 71524 74340
3610787 5 8 267824 35505
3612366 13 1 371495 84574
3613339 19 14 582565 61810
3615543 17 7 221163 70132
3616019 4 15 387615 77123
3617026 2 12 88341 19803
3617667 5 12 157457 29458
3619473 13 17 288182 6501
3622035 7 11 98675 66696
3622191 15 17 509528 63743
3622195 12 6 216740 73341
3622561 14 10 497962 71607
3623978 1 19 450241 26557
3624119 14 2 591257 33330
3625453 11 1 451712 30898
3627709 15 12 122995 94128
3630184 4 10 90136 54029
3630791 12 8 320549 24072
3631054 1 19 211140 38925
3631681 7 13 251546 97069
3634208 13 18 511595 84929
3634730 16 17 263846 91540
3634747 12 1 236653 66913
3634750 13 11 379138 37469
3634788 6 1 411377 32388
3636476 1 19 444783 48705
3637902 11 13 540380 10328
3638270 1 13 487859 37767
3638383 14 1 504231 97142
3638897 11 12 463207 77220
3638913 11 15 75885 28809
3638985 7 17 71295 43571
3640409 14 4 383707 52783
3640907 5 16 97550 21778
3642682 10 5 588866 77384
3645026 15 16 14020 87214
3645720 15 2 324979 8480
3646037 13 12 566207 73785
3647431 18 1 396140 80373
3648503 10 7 278430 61271
3651897 11 15 222106 16938
3652361 4 10 267179 3288
3654572 18 2 187374 80832
3655895 2 12 356652 16845
3657562 12 1 438804 61807
3657566 10 7 411604 42013
3657590 16 2 56330 13321
3662775 6 12 427002 83982
3664035 3 2 207341 19243
3664179 20 11 50425 64785
3665385 2 3 176380 7324
3665391 3 2 170448 36481
3665395 20 16 585721 85108
3665395 9 18 389737 9340
3665400 12 18 204563 43046
3665400 16 4 24157 18596
3665400 3 8 95990 71870
3665400 15 5 488261 6150
3665400 20 19 421014 69637
3665575 19 16 332094 91260
3666451 4 18 443341 30661
3667455 14 1 173219 52332
3667651 15 19 446387 89911
3668218 13 12 37575 97759
3671785 1 10 303898 22652
3671867 10 1 418748 24479
3671957 8 16 53978 53384
3674856 4 16 547602 33412
3674863 9 7 382882 98372
3675376 4 13 332308 4092
3678789 3 17 192229 15545
3680719 6 12 439297 89701
3681051 18 3 388806 77219
3681965 14 5 117997 30772
3683401 17 19 438490 56964
3684056 2 5 224397 50434
3684358 6 9 284338 12054
3686904 1 9 379994 12664
3686997 20 2 105649 84504
3687421 5 12 62178 89641
3687590 6 20 256438 64141
3687934 6 15 149499 33508
3687942 6 7 380239 14639
3691893 10 18 311775 19843
3692094 1 9 99418 39788
3696397 14 5 548737 6341
3697089 12 2 196987 8504
3697216 15 3 68265 10990
3697859 7 8 454513 94557
3700174 9 1 149210 35255
3700180 15 2 574029 57336
3700795 3 5 280755 6018
3700795 19 10 514227 89639
3702138 6 11 480270 88173
3703365 16 10 367891 75140
3704421 18 10 46387 6766
3707270 14 12 53350 20198
3707381 11 1 573403 20466
3708280 4 12 188820 77477
3708645 16 13 273265 38888
3710321 8 14 106793 99355
3712797 18 13 468741 60428
3714897 15 16 585280 97764
3715239 15 7 291744 62192
3718612 5 12 151954 71831
3718675 1 6 240266 28921
3718743 14 7 192461 62908
3720155 14 10 423299 18414
3721101 6 13 598094 49310
3722537 18 13 333633 28405
3722694 14 20 525431 4523
3723061 19 16 260702 14413
3725985 20 14 556264 98483
3725998 19 20 426736 39721
3726000 10 14 49821 56631
3726000 12 16 131428 23912
3726678 12 1 125515 76086
3727129 7 3 570177 27573
3728231 3 2 496161 11961
3729585 10 16 459616 11583
3729686 4 3 127953 47900
3732284 4 8 64379 82154
3735365 8 7 80873 14650
3737694 11 19 19430 74410
3743559 12 9 434330 2243
3744115 14 1 14503 22611
3747185 3 1 539524 72453
3748761 10 14 586657 46383
3749362 12 20 449667 21340
3750017 8 5 100223 44877
3750148 11 3 576678 57077
3750537 5 9 348878 54985
3751690 15 1 503945 58459
3751760 4 11 327620 5199
3754760 2 7 403554 35068
3754999 5 16 542784 52518
3755275 3 6 441108 2569
3758092 5 9 550526 10286
3758217 6 2 239864 26577
3758678 13 9 129317 27944
3758723 13 10 250529 41475
3760006 6 15 76350 50015
3760434 7 17 185561 75308
3760937 2 15 502634 88708
3761355 11 6 585207 94248
3762856 19 20 237218 77592
3763093 3 14 329732 34368
3763093 3 17 392308 43401
3763181 10 3 339946 2138
3764984 1 7 591751 87064
3764995 4 9 226185 97588
3765679 15 5 326320 97251
3765900 12 4 124428 68415
3767881 14 19 454529 15665
3767976 10 15 172883 49103
3768124 2 1 370162 28321
3768221 1 9 122783 44790
3768657 17 10 327082 64061
3771862 10 14 503253 68714
3772033 10 5 49900 41482
3774748 6 5 44607 45309
3775727 17 5 116676 74954
3775747 18 5 53710 63485
3777508 12 15 385755 5605
3777541 8 18 130464 73049
3779250 6 12 196191 41241
3779393 7 4 217580 99075
3780664 8 5 281354 99146
3780915 19 12 310454 2460
3784093 19 12 239191 99310
3784129 7 9 449903 63053
3784135 6 4 45963 86500
3784167 4 10 598056 71135
3785040 14 13 214254 17047
3785307 3 15 150722 29431
3785307 15 14 185615 71231
3785524 7 5 83263 51044
3790416 6 2 371947 11120
3791416 11 14 52048 95890
3792633 9 14 23935 31767
3793994 4 19 122787 23979
3794670 3 10 309935 8681
3794909 16 6 474337 29200
3796235 13 14 236902 90278
3796738 20 7 297309 14379
3797147 9 14 96703 87867
3800024 3 12 510372 26464
3800277 16 13 540722 20145
3801202 12 19 249950 76664
3805361 3 1 379018 45158
3806551 14 11 387478 7935
3808008 13 7 576131 73507
3808141 20 3 273975 76400
3808143 13 4 488059 95804
3810551 11 14 284506 34663
3812872 10 12 193539 6838
3813425 7 6 275512 22488
3815610 17 8 378898 9831
3815947 4 17 312388 80698
3815949 20 16 134583 60775
3816907 4 7 228237 86868
3816955 19 9 570620 99207
3817571 11 15 508222 98026
3818888 19 10 68479 17932
3819347 6 17 171083 65641
3820836 15 14 300075 45546
3822849 20 11 100125 67897
3825630 6 20 161362 8186
3825899 3 19 467526 45226
3827725 10 8 539427 11691
3830310 5 20 291254 98101
3830346 19 16 346504 27016
3831564 7 10 147548 95985
3832882 2 8 446026 98467
3833733 7 3 206041 55769
3834068 1 8 191831 24040
3834509 2 12 379770 69227
3836190 13 19 82506 99638
3837427 19 2 411669 91392
3841092 17 7 604500 37439
3841112 17 16 340339 32128
3841997 8 1 65084 64975
3842709 5 3 126719 76441
3842852 2 19 341509 71627
3844897 16 18 175749 26699
3846010 2 3 420085 54108
3846223 5 15 435470 96442
3851087 14 1 55359 11062
3852724 15 2 32351 25032
3853130 5 19 484582 63116
3856511 10 11 489729 11940
3859745 18 11 145036 26136
3859972 8 16 200540 6552
3860278 17 8 27486 83704
3860458 2 20 66166 28171
3861600 13 17 168597 30541
3861600 10 20 226499 19975
3862105 7 3 582864 64681
3862288 15 9 352040 67559
3864209 20 12 335176 9599
3864231 5 1 317192 60319
3865741 11 20 240435 71062
3868014 6 15 152784 20089
3868191 3 17 396455 91287
3869034 18 7 22394 50445
3869245 2 14 437122 83363
3869805 17 3 317857 82997
3870150 15 18 121621 97391
3872420 5 1 489579 35472
3872531 20 15 364694 7044
3872547 3 17 109228 65913
3878373 12 5 376079 3384
3878843 13 4 136818 23913
3880122 17 9 262474 27298
3881074 14 17 583378 70632
3881187 8 1 545035 7538
3881974 11 10 332514 29643
3881976 1 10 572786 93232
3882000 11 8 471032 65760
3882000 12 14 157480 24180
3882000 14 15 197087 9133
3882000 18 9 517444 56676
3882566 4 1 149523 97523
3882583 9 16 47265 74986
3882589 4 8 394857 84304
3882844 9 12 85177 18910
3883951 1 4 218585 56842
3884376 13 11 423398 13938
3884385 1 16 94445 95817
3884394 11 14 109684 20035
3884398 9 7 367253 4073
3884420 2 10 239004 20339
3889543 4 16 407590 13700
3889580 16 7 398007 60259
3890140 10 7 314601 96659
3890229 16 15 416798 82629
3891594 19 6 465793 12524
3894262 10 19 133002 33840
3895910 20 2 114274 60280
3897092 15 6 240834 60939
3897519 10 4 138454 66517
3897911 13 20 108477 37569
3899571 5 20 87576 6858
3899832 9 6 603411 92663
3901067 11 14 569587 58594
3902691 4 1 88336 29254
3902731 16 4 533439 97291
3903412 20 16 573041 67250
3904759 19 17 272475 87042
3905147 11 13 551777 49950
3905241 17 4 340530 46868
3905311 4 1 180274 40535
3905357 9 18 31470 3818
3905373 7 19 535410 69620
3906151 1 19 115008 90132
3906211 16 2 408349 35388
3906374 8 5 565420 72186
3907164 16 12 20480 50700
3907174 10 14 40861 91239
3908229 20 11 553863 37526
3908675 3 18 307719 25688
3910202 3 6 197480 55902
3911404 3 18 368722 58354
3912723 3 4 348141 13120
3913332 8 20 193349 37970
3914061 13 6 590858 57801
3914398 16 18 67019 10008
3914398 7 11 137880 24373
3915336 3 17 489776 83526
3915642 10 13 503554 26871
3917333 3 14 153173 16692
3917353 17 19 558993 57462
3917359 3 10 368028 41793
3921347 8 15 199677 93940
3921415 17 1 160994 25658
3921587 5 19 117894 62939
3921859 18 1 144541 60664
3921890 9 18 511573 41146
3925235 14 20 569155 37849
3925531 9 17 511297 37299
3926061 4 12 506944 71742
3926081 7 19 256765 39705
3926098 17 2 587271 87948
3928138 16 15 338303 12114
3928174 4 15 580573 47774
3928740 1 5 313520 99128
3928767 16 14 151487 23601
3928784 4 1 117847 60252
3928787 17 18 422954 3812
3930017 3 15 444696 61418
3933535 16 17 480538 82736
3935854 17 1 89194 94159
3935885 8 10 534951 19560
3935913 7 9 121423 51843
3937604 13 6 351590 19710
3941293 11 12 305047 37695
3941506 9 11 175446 72894
3943193 2 15 306823 94929
3944128 6 13 431927 85765
3944217 9 3 34501 51244
3944732 11 5 297460 50260
3945247 10 7 214509 15489
3946942 20 8 430572 70330
3947723 13 12 264327 30437
3950019 6 4 172771 75638
3951527 20 6 294124 16580
3951545 10 15 392339 4832
3952168 14 9 389488 61545
3952182 19 6 139427 4676
3955176 7 3 34463 94040
3955213 1 4 147245 48279
3957149 11 1 585516 23767
3960529 9 20 230686 83024
3963063 3 5 452353 75499
3963876 20 11 225848 36088
3964979 11 8 413929 56424
3966396 11 20 73600 77794
3967649 18 9 592491 9147
3968547 15 7 422867 6362
3971965 7 14 328183 12564
3972041 20 15 516079 24888
3974357 5 4 278217 92284
3974373 15 8 467798 71359
3974393 1 9 601310 99691
3974394 9 19 51654 38821
3974397 3 10 305445 31844
3974398 12 19 182079 84862
3977106 15 18 338831 16221
3977245 13 8 138418 28916
3978063 7 16 393366 42099
3978597 6 3 491370 65593
3979853 10 1 483855 13684
3980004 17 14 549534 46263
3981563 6 12 54715 99282
3982091 12 19 423425 42649
3982155 15 14 278280 82315
3982939 18 7 430104 90276
3983951 17 13 327377 11065
3984113 10 2 254904 48859
3985057 15 6 325468 71713
3985441 6 15 39930 37462
3988115 12 14 361718 57199
3989104 17 4 332686 17565
3989398 2 13 209193 35388
3990742 12 20 52979 69493
3991708 15 4 303769 8651
3991739 4 6 527669 85656
3994486 4 10 478581 2930
3996374 10 4 353300 48385
3996851 1 7 81828 17347
3997109 9 10 8192 20773
3997184 1 8 472829 69064
3997191 8 5 603425 47143
3999854 10 8 592180 79530
4001148 7 12 272053 35224
4001475 3 6 172836 65169
4001817 4 15 380845 81464
4004601 16 13 378702 82458
4004902 12 5 390100 87418
4006287 5 18 289948 65364
4006390 19 11 491051 21359
4008427 4 10 556958 65212
4009234 11 20 197638 61573
4010641 12 2 502352 54332
4010863 17 10 447537 76071
4010934 13 18 377604 58031
4013792 9 8 60227 80520
4014292 5 1 601507 4482
4014369 5 9 467739 27221
4017005 6 10 562212 57216
4018503 16 19 100174 46898
4018771 2 10 86457 62085
4019277 6 19 363352 15020
4019380 8 5 57550 55190
4021735 19 11 170586 87739
4022529 11 7 53034 19068
4023364 13 10 525453 2269
4023390 19 10 254446 33252
4023795 10 19 223341 95608
4025374 3 15 442974 52499
4025760 1 20 467994 36250
4028132 2 10 50145 22952
4029716 13 17 531547 55518
4030180 17 11 138315 71659
4030930 1 12 409273 14278
4031234 17 19 310484 66019
4031294 9 19 255806 27703
4031589 4 1 31142 50485
4031682 1 11 214813 74745
4031979 12 15 322491 76643
4032000 2 18 320152 26346
4034624 5 9 226868 24654
4036081 3 19 70458 37664
4036374 12 15 408389 72640
4037317 15 7 250650 41681
4038687 17 2 329224 79460
4039674 10 7 508319 92994
4040328 11 14 285749 4899
4040384 14 13 212081 93530
4042199 17 18 435285 74027
4042199 14 16 519711 63538
4042394 3 8 173861 51662
4042791 18 5 487883 71649
4044379 16 9 47745 58784
4044406 10 1 333874 14867
4044449 20 1 345743 18656
4045860 3 14 162011 19145
4046328 19 1 359680 21264
4047165 12 4 91083 6628
4051104 3 7 556967 80025
4051165 8 14 263904 20160
4051604 16 8 437006 91615
4053157 4 15 392730 46576
4053804 4 13 115890 13351
4054085 20 9 147025 37942
4054085 6 18 557177 92286
4054110 1 16 113215 62107
4054118 2 18 17034 7792
4055822 3 11 250296 19768
4057695 8 2 592076 8542
4057787 16 12 85642 75996
4057799 20 1 473702 25412
4057799 10 18 497162 10175
4057800 13 17 511420 87276
4059672 20 2 559605 46052
4061044 4 19 120791 51486
4062210 6 17 212899 4733
4062580 9 11 227133 7301
4063787 15 9 426775 15370
4063800 20 11 418524 34568
4064180 20 7 571847 69039
4064828 12 9 77251 67697
4065338 20 6 87244 38886
4069101 10 18 209095 15457
4069188 4 13 223317 47605
4069191 13 8 102620 66539
4069394 5 10 77812 10848
4070219 12 19 236929 16844
4070316 3 10 61465 55095
4070341 3 19 399896 6113
4073947 4 3 387412 33435
4074107 17 1 599140 79242
4075934 1 2 55913 65635
4078986 10 20 450099 76967
4081761 15 11 303778 53570
4084307 5 17 143069 6368
4084695 4 8 409131 49648
4085782 5 4 62530 68413
4086081 16 15 103881 56298
4087273 7 20 518710 27398
4087655 14 10 472171 40038
4088051 5 8 530525 96105
4092063 11 20 192812 9072
4093849 18 12 271453 96626
4094085 8 6 121973 45117
4094388 2 16 405170 79585
4094389 7 17 9090 58952
4095958 3 13 399795 19621
4096117 14 3 131816 23420
4096788 1 4 356491 45817
4096790 6 3 353723 83596
4097980 6 13 215573 7691
4097990 8 4 117971 29517
4099076 8 15 277593 10392
4099090 2 13 50679 98978
4099172 3 19 28467 32007
4099179 16 17 313396 43243
4099463 16 7 266014 28083
4099508 6 13 386142 9546
4099566 5 16 500573 41960
4100224 1 14 298346 60216
4100271 17 13 360622 75974
4100981 11 10 437853 77312
4102336 18 2 372339 4506
4104353 15 7 588437 88200
4105619 17 14 129345 28834
4105685 16 1 55347 90651
4105685 9 20 565131 38459
4111111 18 6 182369 40682
4112327 1 16 323564 52217
4112367 10 17 81859 48371
4112768 15 9 272925 67529
4114780 13 16 280252 66383
4114795 3 2 331889 52388
4116218 2 8 296780 48948
4116251 17 3 490359 88472
4117158 19 17 131217 69050
4117197 8 1 322476 28061
4117197 3 14 406951 78138
4117197 13 9 307141 94568
4117577 1 3 374547 96648
4117700 11 10 464486 57197
4117827 12 15 97332 15467
4119379 18 12 522924 23316
4119401 16 9 569067 70957
4121380 11 8 115979 57986
4121671 2 12 81425 27387
4121766 3 11 538431 74815
4121891 14 7 314255 84465
4125874 10 5 133979 5611
4126310 15 16 132074 92001
4127887 9 10 109334 14068
4127888 2 4 497950 54060
4130410 7 19 44332 75612
4130662 10 18 513342 94070
4131111 8 11 147446 54132
4131671 16 4 457685 8521
4133080 20 16 198194 22524
4133333 13 6 76031 21761
4133356 16 2 181275 35595
4133367 20 19 231842 79438
4133389 6 2 429935 67316
4133391 3 17 421451 65767
4134220 1 10 131354 13001
4136265 2 18 217008 18616
4136398 11 15 188958 6563
4136398 19 9 123132 29987
4136400 3 5 15393 20909
4136400 4 11 259398 56301
4138352 13 1 350515 11435
4138542 4 5 100369 61362
4138709 15 2 120833 87334
4140927 12 17 116427 82636
4142019 3 18 235157 56717
4143530 18 6 252353 64880
4146887 19 20 297715 43818
4147186 13 5 259321 49849
4148141 5 19 11113 23045
4149883 1 6 253235 73847
4149915 1 16 186407 93191
4150687 20 12 98871 87147
4154967 8 1 90808 12716
4154995 11 18 326986 56450
4154996 4 2 96029 4991
4154999 8 18 152812 33622
4155000 2 7 422592 63454
4155000 12 15 545708 71026
4156439 8 7 91679 22098
4157838 9 20 82167 41200
4158103 2 11 496337 22255
4158562 11 17 529502 73042
4158576 10 17 347415 44064
4158717 16 20 450848 30716
4158915 2 11 603518 57890
4159727 12 2 389681 94617
4159781 6 8 581985 8172
4162114 10 16 438735 53504
4162179 17 7 270006 34744
4162195 1 5 456294 37445
4162504 4 3 235069 81848
4162906 18 12 315928 86679
4163718 16 1 196063 82674
4164894 10 13 78203 79918
4164968 8 7 403884 52017
4165735 8 3 405001 51990
4165786 1 9 145874 19974
4166039 7 2 299594 27279
4169111 10 12 310451 63115
4169609 8 3 583108 68207
4169852 2 8 126216 91864
4169973 16 8 281254 6226
4169975 16 15 482792 37110
4169986 19 3 546444 11474
4170221 19 5 387898 80392
4170445 11 3 546418 41363
4170548 3 17 81530 26197
4170637 18 10 91754 88358
4173574 14 8 402992 94673
4174475 3 10 55064 35879
4174528 6 2 269657 71887
4177832 5 10 137550 40780
4179234 1 10 486369 63413
4179941 3 7 545315 31073
4179980 13 8 105500 9861
4180091 9 6 361349 58768
4180131 16 10 218098 95767
4180195 7 17 67082 64379
4182089 5 8 562088 86541
4182699 7 16 155339 43159
4184803 12 4 602012 35926
4184917 6 9 412431 82390
4185535 10 5 114777 82253
4185578 9 19 542946 28477
4185584 5 11 296389 94044
4186860 13 12 546471 20857
4187661 20 4 357633 36156
4188492 7 5 472517 77108
4188552 18 3 304846 15932
4188554 6 5 530167 37531
4191845 5 1 443654 25321
4194175 20 12 368034 3893
4194998 16 4 195057 99589
4195057 16 10 41197 2565
4195141 6 8 55472 60246
4201185 18 17 551926 85373
4201582 14 3 49740 72711
4203099 6 12 415926 92947
4205984 8 7 128506 92192
4206600 7 20 430495 40436
4206600 3 6 261856 75467
4208823 7 4 235675 31487
4209185 19 8 206759 55830
4211211 6 9 163459 73409
4212163 19 11 83277 98362
4212216 6 2 31672 6001
4213125 12 4 120025 3095
4214587 8 2 113753 62866
4214883 1 20 180564 27835
4216392 9 1 96849 7767
4216480 6 4 204403 20970
4219260 20 13 8094 40221
4223767 10 17 94025 69440
4224609 3 11 329856 61435
4225176 5 17 100061 2506
4226891 5 3 160034 60107
4228129 12 6 597762 17762
4228366 13 18 136067 22214
4229238 1 8 271770 14660
4229300 15 8 393290 70392
4229458 7 11 133675 42062
4229544 5 9 305846 11938
4229693 19 12 197934 7498
4230396 11 1 296565 31866
4230453 2 6 31511 19455
4232860 5 7 234673 33647
4232983 5 3 163756 52454
4233058 15 6 198367 67258
4234671 7 3 301823 46914
4235575 20 3 472660 77836
4235774 2 1 335169 76089
4236246 5 3 497737 14706
4238676 12 15 472872 60581
4239460 17 5 517838 74238
4239577 16 19 362438 98158
4239580 15 10 369340 64646
4240175 19 16 557689 23329
4241959 14 1 578797 28943
4241960 12 3 603818 32034
4243631 2 3 152110 39314
4243693 12 6 554425 95112
4244118 16 1 349618 11956
4244662 4 8 276743 70299
4248592 5 18 398573 44714
4248598 17 6 106258 46895
4248982 2 20 396674 19867
4248994 9 14 334603 34755
4250369 12 11 555233 50481
4251658 17 2 156026 94310
4255473 12 4 525638 36016
4256033 10 4 297928 56236
4257020 10 16 234955 21006
4257055 4 20 498334 85978
4258088 4 18 290755 42686
4258137 13 17 11985 94867
4258651 9 12 515766 62555
4259053 13 2 588585 73300
4260484 1 13 205153 4551
4260503 13 17 168562 62052
4260905 11 4 563384 45095
4260922 9 8 443464 53775
4261815 6 1 274260 58535
4261837 9 3 508139 22464
4262310 2 4 353355 58094
4263508 9 11 288766 77048
4264623 4 16 159494 28258
4265230 14 15 429724 32550
4267489 4 14 599688 31403
4267757 14 7 210449 49773
4267855 8 20 336225 84936
4269519 11 3 244925 56095
4270448 19 15 444425 93486
4272684 17 13 460385 39814
4273573 13 15 324318 23397
4273573 6 7 460531 69247
4274045 20 3 251707 34555
4274229 5 4 330882 99604
4275650 20 2 229019 8706
4278037 19 7 516673 64309
4278756 9 15 602792 20763
4279539 20 8 357753 31001
4279593 5 3 527852 14061
4279637 4 7 287864 97468
4280954 2 3 118879 13997
4280969 12 17 400922 94543
4280981 11 3 72489 60607
4281220 6 3 276216 15727
4282544 7 19 82940 49495
4283794 1 17 219343 67571
4284000 16 3 304985 24612
4286902 18 11 143257 66370
4287448 3 15 145021 30471
4287556 11 17 78819 22544
4288536 1 7 396813 13922
4288562 7 17 451088 11750
4288616 17 13 90698 83001
4288978 4 6 189423 19019
4289281 15 19 33846 85959
4291283 1 15 429619 20956
4291580 19 18 533058 67025
4291629 16 6 48669 40391
4293416 10 5 437591 50733
4293720 3 20 458251 73952
4296221 12 4 40689 78540
4296854 6 13 489550 7461
4297152 4 7 470864 89742
4297160 12 8 162185 10372
4298559 5 15 249323 15754
4301213 18 16 519019 89947
4301314 18 1 432938 99095
4301358 18 6 582451 35522
4301382 4 17 566591 71457
4306916 5 20 187705 90561
4308247 15 6 297538 49809
4308350 7 15 223611 89753
4308575 11 20 90991 8562
4308588 6 12 543286 80206
4309145 2 1 390322 31752
4311108 7 16 560250 72840
4311579 10 1 227581 91623
4311985 2 12 461994 96467
4312147 17 16 290650 48167
4312162 12 4 430767 93314
4312949 13 19 327548 27901
4314550 20 13 87723 51047
4314584 1 6 74660 51413
4316042 19 15 431095 30907
4316280 12 10 19503 68852
4317203 16 5 260201 2820
4317327 7 2 237937 36828
4317683 4 3 591055 24139
4318568 2 15 537312 49865
4319296 20 16 555489 83013
4321063 7 12 227860 24689
4321466 2 17 355578 53062
4321917 13 3 406095 96817
4322427 4 15 32104 17405
4324625 17 8 326127 57856
4325962 11 4 282114 88639
4327179 14 2 231516 11792
4328385 3 5 138795 35167
4328747 15 1 195826 7562
4329876 18 4 149429 30641
4330929 12 9 598161 94894
4331386 7 10 234369 42681
4331999 6 10 488646 86560
4332302 13 9 183294 14524
4332359 3 13 561229 2890
4333950 16 8 562139 21870
4334773 17 8 537204 60961
4336331 1 20 86088 7584
4336804 7 11 65389 65277
4337235 13 14 423651 85292
4337362 15 20 334605 40125
4337394 5 19 528455 59572
4337400 11 17 7251 26289
4338011 8 19 530470 93312
4339667 19 9 546028 76536
4340143 19 18 559660 18420
4340505 12 2 511732 53845
4341811 7 6 439263 5777
4345378 4 11 254736 72221
4348053 19 20 423311 31262
4349595 7 12 186752 14310
4349670 2 9 599981 29435
4350390 18 17 281787 14906
4350483 3 1 498116 71450
4351131 3 4 260215 18959
4351200 9 1 302279 57400
4351200 5 6 71077 59370
4351387 8 17 471048 26756
4351727 14 1 410746 10765
4351776 11 6 358770 61195
4351787 20 8 337383 57957
4353042 15 19 33522 29240
4353270 5 12 183478 22058
4354887 4 8 267455 62841
4355140 14 11 171655 39473
4355839 5 18 417279 4199
4356706 12 1 149308 35641
4356911 5 6 244390 57744
4357136 2 9 184611 60725
4357186 1 11 199459 41192
4357198 1 10 276339 20406
4358041 8 20 46060 90498
4358435 10 19 169011 12117
4358837 20 4 194513 57091
4359376 3 4 260970 76075
4361253 2 9 600341 77475
4361268 3 7 565696 93561
4361375 14 4 551916 10052
4361393 15 8 148908 97512
4361398 10 4 62693 14493
4361721 14 7 456250 91509
4361904 9 17 236533 32216
4363683 20 13 52699 49243
4363736 12 15 373742 28300
4364363 9 6 504908 76442
4365247 8 16 83264 75082
4365277 11 20 161428 7200
4365605 7 18 190064 15274
4366118 7 20 445774 26186
4366623 15 18 590808 38175
4366647 16 13 163713 2469
4367827 11 1 271756 7557
4368285 7 2 549741 72314
4369703 13 18 452937 64118
4369722 4 7 92691 36441
4370262 9 13 377146 13850
4370514 9 8 445991 9624
4370687 19 3 459716 67179
4372560 19 11 13953 19690
4372882 18 14 116684 53045
4374745 16 20 233461 6682
4375762 8 12 602598 13309
4375767 8 5 453141 12240
4376180 8 17 332318 25954
4376193 3 18 357042 51449
4376200 11 17 217611 8788
4376832 8 11 321212 74867
4376853 3 16 331084 17002
4376987 7 10 82310 90210
4381039 1 13 159377 70728
4381044 12 7 585835 62680
4381861 16 4 321328 97382
4383588 15 19 484766 93648
4384691 6 16 217934 59914
4386760 9 17 122599 96482
4386875 5 11 361254 11534
4387848 17 12 103134 41308
4388400 10 18 325157 75190
4388569 8 7 348355 70825
4392171 10 2 439437 79479
4392674 20 14 235205 68255
4393034 15 14 18618 48482
4396027 15 18 328936 35770
4396183 16 4 365400 28809
4396194 6 19 307531 29416
4396196 1 10 90698 98506
4396735 2 17 315666 19955
4397503 19 13 216895 14322
4398418 11 2 321308 39183
4398590 1 12 456866 3723
4398596 19 20 580957 42661
4398597 2 3 179513 76091
4398760 15 10 312774 50184
4398839 8 19 68354 22253
4398985 20 15 67034 4894
4402389 17 11 106657 60634
4404014 18 9 261359 37128
4404108 9 7 420067 98524
4404469 13 5 153281 56933
4404505 7 13 427055 52157
4406017 14 19 565922 53323
4408493 12 7 226829 12086
4409567 17 4 246222 40702
4410792 19 18 547494 86345
4411136 6 4 43184 34180
4412443 16 17 42105 24702
4413444 4 11 384943 21902
4413580 7 5 207527 29181
4414329 10 8 498791 15596
4414691 19 13 498226 94915
4415082 9 7 415969 47813
4416212 3 7 262678 58780
4416568 20 17 523654 23088
4417949 6 9 602619 45198
4419308 7 17 34787 67248
4421043 7 3 133836 68594
4421842 14 5 274638 57495
4423270 19 2 202874 15025
4424924 9 17 196876 98573
4428116 11 15 575421 50046
4431760 16 8 146911 20053
4433026 5 9 339970 24903
4433850 1 10 559048 73972
4433942 8 2 46851 51110
4436057 17 20 392452 20314
4436188 14 10 528886 10002
4436204 13 11 594880 28037
4436361 20 12 172690 52663
4436389 5 2 183131 84272
4438527 9 19 295293 40852
4438831 11 10 366675 87884
4440483 10 2 594141 76900
4442553 14 6 585239 3353
4442767 7 17 168356 87869
4444564 20 9 15700 34865
4445708 3 10 82153 21041
4446463 15 10 197497 51706
4446832 20 4 84289 70461
4446978 18 6 76691 25940
4448115 16 7 500599 3659
4448174 17 9 462049 58094
4449164 17 8 555329 53305
4449522 10 18 549007 99837
4449592 20 14 112243 62087
4451934 20 2 417738 15238
4454265 16 19 567942 10951
4455504 12 10 182539 86769
4455534 16 7 438759 33681
4458343 8 20 566103 73930
4458525 6 13 421396 72671
4458526 19 7 556176 57813
4459618 18 12 270654 52593
4459654 13 1 526058 68547
4463384 10 11 165151 13529
4463395 12 3 45478 55842
4463400 20 10 562915 13673
4465491 1 14 327893 88136
4466505 13 11 120351 14959
4466795 3 20 596356 34280
4466873 19 18 282874 2592
4470082 8 9 234286 53745
4470776 6 14 283673 61142
4470880 1 6 328950 19294
4474429 8 20 512181 15103
4475687 3 8 325582 49685
4477169 5 17 346958 60319
4477194 11 16 570013 78955
4477195 8 17 559725 40877
4477676 15 9 155142 4208
4477727 3 7 158555 98118
4478135 15 12 183992 2985
4478142 18 3 510846 42020
4478533 12 18 497518 34712
4479385 1 2 73009 12558
4480441 6 9 481506 2402
4480875 17 1 449264 38857
4481542 10 13 394097 3172
4485708 11 17 411919 40167
4485861 6 17 314676 62484
4489696 1 11 245262 63117
4492146 3 20 380133 26976
4492407 7 13 401014 38692
4493027 8 14 414085 93295
4495703 11 2 42762 92959
4495779 6 17 440343 76399
4498576 2 18 584886 90911
4500522 16 4 497210 12500
4500542 15 18 420679 59164
4501982 19 6 462059 28286
4502464 13 7 54924 27256
4502890 16 11 274519 64569
4505538 9 6 269739 75443
4505972 18 9 586222 63093
4505991 16 7 551699 9054
4506979 6 2 14112 79528
4507000 12 4 466199 37510
4507640 16 18 28988 48880
4507764 12 2 358255 17167
4507800 12 11 120242 83738
4508983 14 1 364004 19629
4509029 19 4 580924 64201
4509617 12 7 274647 66671
4510751 20 9 401954 91223
4510789 13 16 291370 81606
4512984 20 13 572261 81054
4513364 9 11 225853 31383
4513995 11 10 324412 24798
4514288 6 15 270270 16665
4517524 12 7 270313 27303
4517688 18 10 432711 26008
4519239 16 7 443337 94410
4519368 14 3 68851 32517
4519753 9 1 267125 76748
4519791 5 13 367713 54827
4519797 13 12 332485 17143
4519798 15 9 18847 10556
4519800 16 5 244819 41884
4519800 12 15 19673 14933
4520503 11 6 542181 78791
4521129 8 15 434502 97027
4524939 1 6 21973 9807
4524975 16 2 598549 40137
4526092 14 2 281633 13095
4526491 16 6 36564 47109
4526853 9 14 310621 15774
4527240 12 9 582473 78450
4527350 17 10 454788 50855
4529353 10 19 159679 49469
4529540 12 17 444216 85927
4531511 20 6 88523 40712
4533266 9 4 125374 24737
4535335 19 10 290977 92267
4538242 14 2 564153 5669
4538313 9 12 212078 59321
4538338 15 1 602179 84234
4538366 5 13 56763 54004
4539122 1 3 159843 44316
4539200 6 18 363755 49704
4539284 10 16 285167 61646
4539301 20 18 440347 95388
4539373 6 17 165504 16045
4539452 7 4 237441 83124
4545494 19 5 456156 63166
4545641 15 9 178903 11061
4545868 17 12 469528 39848
4546298 6 20 479547 64486
4547252 11 13 580885 44162
4552157 5 20 333908 79753
4552163 15 4 69316 72244
4552173 20 4 506101 91075
4552193 7 15 240700 56777
4552194 4 12 166045 2205
4552200 14 3 475051 37376
4552200 15 8 143841 98293
4552200 14 9 158358 15125
4552200 2 15 107944 72947
4552701 11 20 289020 38911
4552767 15 12 78609 86876
4554963 12 16 168658 91089
4556541 13 10 125163 23549
4558463 17 1 84504 67322
4559062 1 12 403266 25630
4559636 5 19 372870 79875
4562126 6 19 200922 69596
4562936 17 14 349810 63910
4563220 14 9 36912 45194
4563297 10 18 124716 91294
4563443 8 12 421145 27914
4565433 14 19 522298 15653
4565980 12 2 375191 66912
4567631 12 2 62664 86903
4567769 20 10 578982 67121
4567772 4 18 219846 52045
4571140 2 5 250609 83639
4571485 6 7 455643 27764
4571541 12 3 276943 81436
4573504 14 3 218652 79632
4574142 19 11 555563 60316
4576053 2 9 484131 80744
4577201 15 7 423766 8255
4579056 3 2 22423 79380
4579174 6 10 436147 75258
4579192 4 15 216991 9318
4579493 3 15 80057 74734
4579531 1 13 426096 11300
4579798 16 15 113355 81718
4581551 6 5 593946 42412
4581718 17 5 276327 56344
4581839 4 19 529161 42132
4582252 17 5 374779 34290
4582439 13 9 192327 31808
4583958 16 18 301839 41587
4583994 15 14 397972 36209
4583997 12 11 236785 6530
4584815 13 3 589466 59609
4584863 9 3 487606 21661
4585085 11 18 297519 95926
4586328 10 20 390774 84106
4586953 19 4 598448 59176
4586989 7 15 40468 55403
4586997 14 11 228418 75222
4586998 2 6 592756 92944
4590160 5 10 366206 35915
4590192 2 4 258275 28735
4590285 1 20 399789 30204
4590468 1 13 463322 67529
4590588 7 9 205007 52245
4590592 16 9 215983 93307
4591601 1 12 322583 26900
4591871 2 11 473214 11186
4592242 17 7 335373 4848
4592480 11 2 24950 21269
4593382 15 12 174271 67280
4594384 14 4 368461 66995
4594495 2 10 315483 84318
4595376 6 5 346151 77262
4595393 6 15 182973 54797
4596426 1 6 78137 33602
4596719 5 13 126906 82465
4600167 14 12 548255 10462
4601346 11 1 338228 40462
4601545 20 12 428306 16439
4601568 16 19 11357 60651
4601673 6 11 367990 79081
4603224 19 13 194428 65171
4605245 14 6 550278 97973
4605561 1 20 156567 87762
4605567 17 19 126728 71935
4605596 12 18 225952 35474
4608330 3 6 325452 3394
4608389 18 10 164060 10438
4609311 4 3 333029 43433
4610238 10 5 87965 32167
4610543 1 16 296162 78958
4611057 16 2 63405 52616
4612436 3 10 29823 48936
4612457 11 6 447272 94323
4612634 1 20 329984 27810
4612693 1 12 149374 42085
4612783 8 2 268643 71933
4614591 13 20 337800 93491
4614592 4 13 72426 78244
4614600 3 14 187399 59690
4615285 19 18 110841 61851
4620547 5 3 38019 26273
4621556 13 20 65044 9144
4622725 2 17 341936 22823
4623218 4 7 311450 99606
4624429 14 12 23457 49117
4624751 2 16 357590 94654
4626433 17 4 42797 94459
4626973 17 15 453613 27218
4627060 3 14 184596 53860
4627177 13 16 246481 33310
4627199 18 4 515737 62946
4628188 15 10 311460 25239
4628260 15 6 34192 48891
4628386 7 19 419790 29317
4629025 19 3 79633 83936
4629503 2 8 226597 66359
4630150 4 2 419739 92012
4630156 17 14 87207 93787
4630172 3 19 358736 35815
4631893 2 1 295000 21473
4631957 14 4 554276 92740
4631977 18 14 254199 16410
4631997 17 7 212073 26057
4632533 3 4 536526 71009
4632594 1 10 602545 42319
4632878 14 4 280560 95277
4632907 17 12 380862 13335
4634030 8 5 266025 80299
4634165 11 12 122857 87345
4634602 19 18 96768 29581
4634983 2 6 189742 95513
4638575 9 18 326764 46220
4638576 10 2 36458 75602
4640823 2 20 197895 32553
4641156 15 4 30007 92521
4641250 18 9 516652 33944
4642855 6 17 10878 32910
4642974 15 13 521189 12116
4643607 2 1 220747 82278
4645364 8 6 10624 9095
4645617 10 12 416577 97466
4645937 16 4 556565 71890
4647018 4 12 397583 36220
4647085 8 18 184458 56372
4647919 20 12 533363 13689
4647921 20 5 317595 16625
4648633 19 11 80704 32174
4651823 2 10 437761 97414
4652872 20 7 122564 67071
4652915 15 17 297271 19983
4652923 12 1 539256 9789
4652948 15 9 337120 91046
4654504 14 1 547490 49933
4655235 7 4 208211 29458
4655393 13 4 109282 28218
4657129 3 20 486489 85627
4657176 1 5 132949 54500
4657763 13 14 335509 82893
4659476 3 1 340397 35454
4660645 13 3 396250 26017
4661029 13 10 333829 99431
4661903 9 20 69672 76346
4662876 15 13 523521 41997
4664518 3 18 478432 41077
4666612 3 8 171437 47911
4666756 10 13 99030 69077
4666795 10 11 118995 13525
4667855 7 16 66084 14526
4668148 10 16 316153 60251
4668406 3 2 547331 5802
4668487 12 6 318926 13794
4668588 11 13 120251 62328
4668598 7 19 14505 61949
4668598 5 6 230950 47233
4668750 4 2 524981 42555
4668797 20 14 445704 82214
4671534 18 10 598577 22471
4672962 15 6 251257 60352
4675043 13 9 247277 41573
4678095 7 10 186813 69517
4678167 3 16 515835 86205
4678179 2 18 244550 89326
4678185 14 19 573593 11261
4678191 17 19 255259 26919
4678577 7 20 42620 87622
4679639 3 4 477322 72394
4679665 17 3 556627 84604
4680489 5 17 460960 83205
4680526 4 16 384292 18512
4680847 5 15 163594 59507
4680890 6 1 123770 34161
4680892 11 3 237094 49268
4682039 19 14 469855 11518
4682113 7 4 339285 45155
4682720 13 18 525603 55666
4683562 4 8 446067 75070
4685123 6 3 93772 96679
4685327 17 5 291171 24964
4686286 3 14 431133 87146
4686434 17 12 264289 19440
4686494 12 14 366012 64131
4686816 9 3 226094 66874
4690629 8 11 236892 39582
4692964 19 1 179453 6387
4693188 4 1 160086 90495
